47545
578981
710127
850155
1426962
2988214
5358425
6512309
7065948
8813012
9045238
16371559
18670860
19558208
22232358
23601173
26494385
27761886
29676957
31874888
32095083
32287587
38289378
66654135
88569831
92096286
93173516
93690795
94054816
97706693
98839997
99402433
102231468
102281688
102815652
106086152
106510584
107172930
107324231
108629575
108687118
109355703
109383696
110181652
111535124
114070244
114967577
117304250
117644499
123069416
123497871
123765998
123949867
124283622
125205164
125223108
125773762
125845370
127956238
128736782
139687976
140733710
174831381
210851291
212154879
281642366
289185728
300039023
306688346
312310157
319401355
321778215
324740177
324740320
324740367
331220105
338943399
339208486
341518102
341788656
343031442
343344299
358276974
368435896
370292512
371263894
379064808
380561452
383310974
390818080
400167956
411275487
414394315
415408672
419374543
422959610
423974084
604498429
605887098
608724734
613788824
616165168
625764726
638759928
648454481
653118530
668582985
669927589
671171740
674388892
684971400
686030892
701967799
706002330
709199250
715465856
715607282
715696520
739607947
741477571
742672641
751028251
753724558
757291724
767752328
771845391
777511600
777514670
779963583
798672140
803871463
892043755
911750776
983684616
994732206
999883366
1000233041
1000639036
1001911915
1005391673
1006875674
1016500589
1016936714
1022549704
1024564064
1049011994
1050830474
1053132402
1054526971
1056095409
1059940666
1065863569
1066288430
1069201198
1069466626
1070980505
1071153038
1072954660
1077604723
1077961373
1078767831
1083350597
1087859240
1176784616
1218014086
1220597398
1221933810
1223824024
1225151525
1225282225
1230230722
1230539138
1234355296
1235188606
1247231049
1254392357
1255026771
1257593254
1275305983
1275875292
1282241849
1284180886
1290785032
1294134187
1298774291
1310079979
1312971993
1312986152
1313990336
1315966725
1318971886
1325411718
1328541192
1329033648
1335695570
1338193767
1340343056
1348402608
1465584587
1479826592
1480782352
1490130369
1491644357
1493749344
1494262959
1499870257
1502198149
1506033591
1512676568
1522593851
1524368576
1525626450
1526007540
1527252839
1531130248
1536694921
1543009199
1543820620
1543981493
1546954446
1566011973
1567102816
1578560485
1579352805
1581656817
1586272220
1606003779
1607427974
1612857454
1616542584
1617287243
1623041059
1626623720
1640395061
1709832923
1709917610
1714861431
1715762989
1718942224
1719305066
1720309730
1720936166
1722988797
1724021330
1731729355
1733898268
1738494775
1738517851
1742264997
1743278024
1751760283
1760377900
1761773144
1766962120
1775919872
1776492801
1782137150
1782832995
1792670599
1793395044
1794056685
1795206523
1802622907
1820347655
1937412040
1940090927
1943254200
1946714362
1947792009
1949617965
1952819680
1953942978
1953956112
1954152886
1958807588
1959453152
1960626127
1962399895
1963369849
1973385860
1987338069
1989988569
1990050272
1998941219
1999874107
2007050448
2012508359
2017809925
2017996182
2020908522
2024960300
2026574412
2030184150
2031579354
2032222420
2033913602
2035583477
2047972424
2059074987
2059799377
2065706268
2068230285
2082205150
2082737845
2114144926
2166474501
2177680018
2182485283
2182495170
2183179955
2184403286
2188269148
2194226834
2195939586
2201166997
2201173838
2201299735
2203488982
2208069834
2209020200
2211017328
2214135845
2220495353
2231305423
2232507648
2235801300
2239430935
2240065648
2241524352
2245518147
2248521760
2251388500
2253490805
2254625465
2255393911
2255626987
2257943402
2263267302
2265532481
2270890905
2277167693
2384686405
2387000728
2394526627
2394934836
2395874968
2396884105
2401478287
2402796421
2402904937
2408700413
2410426122
2411591707
2414164590
2415348747
2428096399
2428715111
2429242760
2430332651
2433287888
2435071056
2435789930
2459683091
2460450084
2465900972
2470492456
2472785522
2477616476
2480517375
2513486462
2580872907
2583460830
2583564222
2584142670
2585430167
2587270618
2588044974
2589957623
2590074569
2601939236
2605483903
2605831977
2607927299
2612875675
2614617698
2618786652
2620076187
2623596063
2628404708
2630305393
2631605645
2633076999
2635075184
2640407187
2642693298
2644656496
2647834887
2655290561
2655311011
2655478023
2655895471
2656602014
2664980198
2667443198
2667541756
2670143251
2682938349
2711375305
2802559498
2805713501
2817076516
2822776643
2823006562
2827458311
2827951974
2829492624
2832435638
2834667089
2835932194
2840032083
2841450035
2842470179
2843111708
2858823042
2860579309
2862098693
2865328349
2871180349
2872055138
2872066597
2876622588
2876819699
2882996448
2886328901
2887904170
2888951225
2891231433
2892918809
2894092245
2896526455
2900817893
2921237723
2936053166
2992873140
3033894804
3034344198
3034836582
3037539559
3041085673
3047037061
3056160040
3057636537
3060525991
3063853166
3064619271
3064693316
3068119370
3068253054
3070724134
3071634329
3073627998
3079618996
3081555258
3081806083
3082357559
3085857678
3086043903
3088609243
3089546450
3095118153
3098057526
3098456490
3102306074
3104101863
3107874866
3108463935
3108473052
3110388936
3114128441
3120838060
3122201263
3129182821
3168615253
3240343305
3245799683
3247673617
3248678295
3253980207
3258124582
3262314006
3264293423
3264581003
3267012194
3267638623
3270347456
3274669156
3274817696
3278885012
3291589472
3291612269
3293525400
3297029033
3304117738
3305710183
3308103880
3311164447
3317064564
3317679266
3317771874
3320096270
3322582746
3325778418
3326279937
3354479870
3359505957
3421408084
3457700596
3458415923
3459689177
3470428536
3475191052
3475460374
3476047055
3476371299
3480038363
3480296203
3480841671
3481099993
3482094099
3491540220
3491874687
3493529497
3494160828
3494556606
3496004178
3498637623
3499148130
3502524667
3503182210
3503342637
3507461489
3508969520
3515267380
3515656039
3527688124
3529310980
3529927654
3531364646
3532628446
3532820968
3533000574
3536180561
3539082945
3629718599
3645042208
3645313968
3645347821
3645397295
3647333358
3647595473
3649378258
3655030699
3656071129
3661187878
3662697247
3671104455
3672375717
3673235426
3675578455
3679362939
3681669024
3690404710
3693255648
3695848008
3699925732
3702241522
3714399416
3715101004
3716374312
3717250353
3721056490
3721877077
3725528263
3741075732
3747559346
3750110232
3808081382
3875092591
3876150506
3881798616
3881812193
3884767089
3887521769
3890422669
3891658292
3897188577
3898041240
3898464270
3898653088
3900846521
3902317791
3904461102
3906287814
3911576518
3913007563
3914719246
3916548970
3918560032
3924708500
3932597927
3933985529
3934054182
3934229151
3936267794
3936365689
3937036363
3940690950
3942090531
3949673218
3950218095
3958291198
4066194479
4066594855
4069560710
4070221768
4071487712
4072288216
4081052789
4082023366
4086773669
4090240276
4090740336
4093111465
4098816381
4105114485
4107674683
4107809076
4113699767
4117341804
4121366837
4122875270
4125257577
4126062678
4126908979
4130089970
4132160058
4132355199
4134113741
4139766490
4141501654
4142544848
4144991005
4145170031
4147392742
4149115890
4150150482
4159528505
4293007457
4294402833
4294976878
4297026251
4298676072
4299280445
4305516810
4312837160
4319996251
4320617276
4321616544
4326198364
4332167649
4333057144
4341358490
4342047058
4343171923
4343544885
4343549630
4344675719
4349504946
4350641020
4354236484
4356662626
4360326848
4362587875
4362771421
4362823476
4363983152
4364387553
4367208330
4369389881
4373419003
4380294826
4387387995
4390968149
4391829435
4495908296
4496837616
4499218182
4507116437
4511614471
4511892440
4513784130
4514085825
4515828939
4517143706
4518152312
4518160318
4518677258
4524605690
4533111213
4535582711
4539219341
4540070253
4540138978
4540494160
4540584654
4542048826
4543855070
4544243950
4544652203
4547340899
4549657526
4552793904
4553022561
4553577932
4556356236
4559098298
4563013320
4563062026
4564449658
4568630521
4569829642
4582358979
4599924264
4658598196
4673599750
4674142558
4674987887
4676287985
4680802582
4686994428
4688177962
4688817998
4689722433
4691024791
4691670613
4695428915
4699334370
4701326804
4703805278
4703978359
4705987484
4707068422
4712126054
4713297335
4714473840
4718654157
4719825127
4720386144
4721594588
4724071612
4725882562
4732356421
4733698178
4734880740
4736268104
4739025038
4741312477
4743386946
4743794878
4744421631
4745526903
4750561026
4839802560
4844688863
4849157113
4852249910
4858350084
4858558391
4859516523
4861104837
4862269388
4864117649
4867536568
4871329703
4875932103
4876245392
4877714411
4883092215
4883441943
4885559763
4887744468
4888405440
4893150506
4894729602
4896453022
4900929401
4901806610
4908792642
4913287377
4914269443
4917368083
4919010625
4923523727
4924516231
4924789901
4925010421
4925331346
4928259417
4931927012
4931991343
4932503936
4934163223
4938220315
4941503535
4949420752
4983034985
5026122481
5036722879
5042430067
5045757922
5054483621
5055349557
5066139206
5066913846
5070804550
5071522817
5074882778
5076133046
5080118977
5080903126
5083208987
5084931780
5091490171
5091649936
5094968992
5096440156
5098122729
5100507732
5100775894
5105646044
5108158764
5109155090
5111507958
5111819042
5113190761
5114123816
5114901609
5116084499
5117605201
5122637369
5129910500
5129987855
5203828273
5207621753
5221179172
5223226518
5224171262
5225398030
5226576949
5229088316
5232068281
5236320544
5239027843
5239362765
5244979723
5246390863
5248000811
5248256414
5250898669
5252919404
5253648332
5254920366
5268677200
5268732942
5269942725
5272606478
5272609790
5275559565
5280791710
5281426065
5283170248
5286604276
5287704645
5289155961
5293937541
5361032378
5396376309
5402993487
5407043448
5407131262
5408397887
5409069439
5417936082
5418108008
5418349743
5418398862
5418768079
5421899973
5422546686
5429450445
5430301679
5437909627
5440357767
5440820902
5447254496
5449033072
5450293750
5451143054
5456952508
5458931963
5459170171
5460754768
5462082228
5462477948
5476563860
5476740185
5477548919
5478865922
5479285260
5479908441
5484232175
5484934427
5485660832
5488708927
5492723512
5495660002
5569032992
5578556129
5580972377
5591327764
5597104724
5601185167
5601202916
5607299070
5607392395
5615055859
5617346821
5620666495
5624742469
5625220213
5631996438
5633615594
5637228071
5637544740
5638624623
5642141643
5648898470
5650396773
5651961021
5661020014
5661134200
5665736354
5668114043
5673784666
5763358088
5764473273
5772121491
5775855331
5777882825
5779066875
5782268341
5787561793
5794936078
5800321156
5803093656
5803199989
5803669349
5804222494
5806448631
5812546130
5817447917
5817499351
5817593377
5819738730
5819852418
5822068820
5822103762
5824195619
5827993433
5828082166
5830247545
5833888968
5835368537
5836185226
5841133479
5925643583
5925801449
5926583186
5927129628
5927446137
5928780595
5937317374
5937860488
5940874374
5942277054
5943303494
5944821008
5945869149
5950181200
5956634861
5958150183
5965976103
5966905324
5969222100
5970598956
5971717168
5972059550
5974009462
5974510967
5976020326
5980808883
5981856625
5983600452
5984132340
5984880613
5984885762
5985454488
5988568657
5991139138
5993969021
5995470825
5997239470
5997482110
5998308727
6002149925
6035872082
6102498199
6102954168
6106474668
6112350547
6112980930
6113237780
6113928308
6115988515
6117314924
6119928106
6120837262
6124850402
6128091457
6134428147
6136243726
6138126614
6138976267
6144216261
6146194050
6149138290
6149186864
6149334893
6155282395
6156474026
6159717337
6162409650
6163740913
6163884815
6164853651
6165840924
6166651313
6169011426
6170013953
6170143659
6170284403
6170815138
6172014378
6172721363
6173067704
6174994284
6176333237
6190071862
6267547203
6267943144
6269843695
6275120808
6278214845
6280758286
6281662204
6283720248
6287458719
6289989379
6290175032
6294677469
6295916269
6296107159
6301368885
6304850669
6306680178
6308575784
6308982994
6312044888
6312076081
6314664695
6317476162
6319374195
6319936236
6320919000
6321429881
6329321430
6329723248
6329881184
6331902150
6332376065
6332490386
6336311737
6336741296
6339447006
6341151562
6347878294
6352299542
6375110339
6425797742
6450350687
6453200442
6457637847
6466802953
6473847106
6487579144
6495484417
6497846997
6500116207
6505212049
6505338302
6508759464
6510426771
6515096150
6520342642
6537318971
6540390962
6545247469
6563693787
6570537965
6570785859
6574756904
6582025112
6583326485
6584231105
6595926329
6596627293
6597619368
6597785714
6599148827
6599971049
6601115643
6602661034
6616093493
6618224782
6619936488
6625910847
6627829879
6628327758
6646518350
6648052103
6651302260
6651491108
6659214701
6660920365
6662916878
6666683069
6668987230
6676452674
6676525126
6682487255
6687705099
6688157118
6691764291
6693297751
6699967032
6701101774
6701277882
6709042729
6710363570
6726637224
6735081142
6738135827
6738883141
6741890537
6749060816
6751447237
6752087079
6756228300
6756667816
6760897304
6761020312
6763123315
6766165019
6767198267
6774320049
6780150139
6784880688
6788853888
6794320182
6797677834
6801595469
6801627818
6818915584
6822858969
6824440057
6829921755
6839134517
6845400164
6851668263
6861536295
6870184994
6872331463
6882304591
6895702884
6898956254
6900677672
6904570042
6907154053
6911529884
6913458370
6914879167
6925369391
6931565046
6937757841
6942875911
6959196911
6959389664
6961334611
6994332851
7007827767
7009714292
7019226767
7019307488
7021619043
7023305701
7023488558
7028566528
7037847546
7051852656
7057665895
7058980030
7060993337
7062617545
7070825031
7071645746
7072674902
7079152534
7084172542
7084390565
7087861341
7089179560
7089588429
7091645916
7095682825
7099399371
7101140819
7107001911
7108939683
7117343749
7126838121
7127084123
7128251171
7130064723
7135018352
7139435866
7141039129
7141367886
7148883304
7151023620
7152338202
7155018773
7161617534
7169345881
7173965273
7178032757
7178228097
7191432947
7197190464
7198878133
7199608878
7204912397
7207532353
7208219743
7232697205
7236441063
7245520408
7248758833
7258574494
7263604696
7264117105
7264587281
7267853694
7272015599
7274244096
7277826081
7278893183
7283491781
7293568548
7296012067
7300280218
7311580939
7326934954
7329738958
7331771719
7335437420
7335709185
7338760353
7339682753
7350402084
7360300064
7364297396
7364907416
7368186615
7371940034
7372152033
7374845359
7374984698
7384184422
7386897403
7390175954
7391615616
7392643760
7395930870
7396511690
7400570888
7401095598
7407161360
7414497778
7444224664
7458874788
7459503089
7461892956
7463504342
7472414080
7473164424
7481498998
7482175997
7483057113
7486575214
7488699537
7489122072
7490865609
7497746489
7498494611
7500518143
7500938546
7507990111
7511201941
7512276786
7513130835
7513207316
7518035575
7520720788
7521520342
7523931033
7526012265
7529591378
7534084011
7537130234
7540451462
7546135071
7547197627
7549709091
7554119808
7554410614
7555689981
7565109243
7579926638
7585140258
7585283196
7588889438
7593517647
7597158529
7607063846
7608676073
7610697634
7610854320
7614012560
7618444254
7621252409
7621592758
7625685793
7628118889
7628235825
7629331599
7629884826
7636781437
7638033943
7641240255
7650580161
7651081540
7656308490
7656317736
7656769029
7658839393
7663926977
7669617538
7677035096
7685384451
7691800287
7695985965
7701245896
7703544118
7703614594
7705042271
7708623486
7719781634
7721537973
7727955828
7728423041
7729029844
7730051441
7733436648
7736532986
7738524573
7738927312
7742053421
7743097217
7750955984
7757216226
7765187953
7786096915
7798947148
7812923977
7813156957
7814857167
7828488192
7832022421
7835102410
7840654141
7843731295
7855519248
7856039629
7865058772
7865710699
7868793307
7870088507
7872343282
7876503215
7877723741
7879505510
7880763603
7882785167
7882829745
7883776681
7884563721
7885459007
7889679564
7898910799
7912886575
7915183134
7921260413
7922830257
7934320560
7937194831
7938272070
7943133183
7943341275
7948426536
7951177465
7955256018
7957429264
7959906233
7961333063
7963919157
7970033072
7972256224
7981272670
7984525041
7990186056
7991111422
7991338789
7996365376
7997601071
8014099969
8015734617
8019422947
8020981242
8030539587
8041232013
8046999888
8053835414
8072075666
8072329251
8087012235
8108508529
8128134463
8138207962
8138599331
8143923993
8144393814
8144728961
8152539587
8156335562
8156973419
8161187430
8164168204
8169180819
8177819100
8178086002
8188085194
8191858693
8193578134
8198412649
8202280624
8210768530
8213575729
8213721395
8214054500
8229835129
8230539962
8230600355
8230649365
8232019336
8232903155
8237969371
8246907060
8252604187
8262374882
8263687071
8264721477
8266228108
8276957001
8278319159
8279887603
8283159479
8285936293
8291789996
8307114974
8308137275
8309059073
8310928826
8314449748
8320814978
8322865535
8323343549
8328632406
8333899831
8334544191
8336933340
8343817092
8346169489
8348991330
8353962342
8355361302
8357236286
8357673370
8357952993
8360491918
8364385604
8377076762
8384498883
8391342266
8407708933
8420907710
8420998291
8421539913
8427138659
8446095862
8449579949
8450202664
8467686851
8475779172
8480861736
8487827163
8500639466
8504461817
8504871714
8507699752
8514476218
8517000860
8520148363
8539571150
8540379129
8546873728
8564089725
8600977079
8612807961
8613985583
8615214267
8619798896
8619889545
8638825448
8643186875
8652165167
8659262047
8661631014
8668547750
8669550197
8705454731
8711562354
8719555347
8722889197
8729352103
8752531238
8752631911
8755459775
8773050457
8776018564
8791358380
8799094487
8834587397
8837185347
8843784598
8846500201
8850286191
8851542818
8853301381
8854196497
8854479740
8877595115
8883775493
8887398343
8900087826
8908046810
8909663810
8911810807
8914538647
8925404604
8926904643
8927449218
8964336233
8964844004
8975568157
8976165158
8985420275
8992307561
9023560962
9029936173
9032167172
9075701508
9091133975
9111770466
9124107331
9129640671
9135448153
9135688779
9143095482
9145282410
9153264869
9156250281
9161571268
9164570436
9169166771
9178347165
9185446502
9210573157
9236202259
9237322219
9240065211
9240529662
9250508067
9250782265
9260939847
9261495998
9271107889
9271140206
9271890694
9272395657
9273584416
9280342950
9282371706
9293574407
9296252245
9297438743
9297444147
9299166304
9302146581
9310681708
9312646406
9325630919
9335927168
9339430298
9341683040
9343839974
9344916045
9351808693
9354709602
9360409936
9364041968
9376575525
9397046327
9399428993
9400680586
9406861184
9433498615
9445913112
9448661212
9449044641
9455937882
9456449045
9464536088
9472441390
9481391333
9488205397
9496026471
9496852407
9496887785
9497459779
9510573507
9511890478
9522015993
9544405369
9549611152
9550141430
9550406138
9551699017
9553838253
9557124946
9560810097
9561553764
9564673841
9571269120
9571355344
9573195851
9577222392
9578994406
9589322221
9592052490
9595795883
9607452898
9610561918
9612416050
9613254906
9616458855
9619610353
9627238969
9627655329
9630427308
9635494053
9636109790
9642730750
9644061244
9655921954
9658763495
9661927199
9662130710
9662189717
9668574764
9669297195
9671104117
9671789456
9679162577
9679237710
9679514364
9681943457
9686183501
9689983629
9690970803
9697502306
9697750511
9701727882
9704389089
9711289915
9711957189
9712933917
9713717379
9721590445
9727036596
9728229143
9735583968
9739699996
9740044234
9747555206
9751615286
9751761702
9752580472
9758688665
9759989445
9768680208
9776222468
9784582776
9785740160
9787206684
9788139379
9793808059
9803970239
9809200157
9818302554
9818549231
9821900582
9832580772
9833852980
9837325548
9838453857
9843407918
9851352969
9853455654
9856360661
9859949389
9860357119
9864851432
9866884975
9868545229
9871940535
9881671781
9882296644
9884516249
9884828077
9892999950
9893653327
9898409899
9903696532
9907404458
9908641400
9911771068
9913633503
9914581074
9931749389
9934748045
9940944640
9942734820
9948575164
9949843097
9954447663
9955391014
9958694666
9962753776
9969687051
9971895648
9976531812
9988290343
9991421325
9994252654
10002388086
10006323745
10006906093
10008606756
10009807136
10010371086
10011658225
10012581678
10013052337
10032271327
10032459438
10033740377
10037267577
10038413468
10050364824
10057343903
10058633242
10061124506
10064194308
10067177814
10075695505
10082634290
10083552936
10089507840
10098849804
10101652089
10110316965
10111192356
10120161435
10123059921
10124061850
10124386469
10126126845
10127764368
10138977250
10139325104
10140010190
10141545437
10147259486
10152905521
10162859180
10163344430
10168931576
10172066108
10173311467
10190667429
10199327179
10202515720
10202792393
10203815049
10214798872
10217234318
10219783321
10229587759
10231960870
10234839471
10237338193
10241000620
10241080118
10241922839
10242984742
10245012052
10261267004
10263732883
10265160166
10267363348
10272020404
10272500550
10278774552
10283025251
10284380969
10286593249
10290134511
10292947079
10309187098
10316396624
10318074836
10321991269
10322311722
10337069275
10340721921
10341337656
10342857565
10354090929
10359282823
10370802481
10381830868
10388509406
10389353525
10391036163
10395004419
10398947938
10404293465
10404519332
10406956174
10415845204
10418117926
10420786315
10426053015
10428543942
10430413968
10439568447
10440342381
10441136920
10447378977
10450718227
10458028403
10471583973
10479788072
10485201326
10485597695
10494847029
10495391267
10500388554
10501968293
10502841145
10512998138
10516060568
10519092644
10524813259
10526853622
10552540426
10563114921
10582993047
10588977897
10604542637
10628907188
10642022844
10642053112
10648820673
10649255304
10667006841
10675117523
10690360998
10697889407
10718240577
10737231383
10739681803
10741654282
10742019356
10751572992
10755829599
10756011174
10756847038
10757690102
10758034175
10759337137
